"station","lat","lon","elev"
"GRR1",44.3602778,-85.6794444,502
"GRR2",44.3701389,-85.7571111,286
"GRR5",43.68175,-85.5799722,401
"GRR6",43.631,-85.7725278,285
"aetna",43.5544,-85.9605,285
"alpine",43.0733,-85.7228,281
"berriensprings",41.9352,-86.3797,228
"charlevoix",45.2547,-85.3196,240
"clarksville",42.8733,-85.2604,273
"conklin",43.1187,-85.8284,250
"elkrapids",44.8448,-85.4062,198
"fennville",42.5951,-86.1561,214
"hart",43.7366,-86.3594,233
"haslett",42.7703,-84.3297,281
"ludington",43.9043,-86.3798,200
"mears",43.6834,-86.4107,229
"msuhtrc",42.711,-84.476,257
"ncmc",45.3558,-84.9371,233
"newera",43.5609,-86.3777,269
"nwmhrs",44.8831,-85.6777,247
"wmich",42.256,-85.6395,284
