leap	month	day	sday	dyear
0	1	1	1	0
0	1	2	2	0.002739726
0	1	3	3	0.005479452
0	1	4	4	0.008219178
0	1	5	5	0.010958904
0	1	6	6	0.01369863
0	1	7	7	0.016438356
0	1	8	8	0.019178082
0	1	9	9	0.021917808
0	1	10	10	0.024657534
0	1	11	11	0.02739726
0	1	12	12	0.030136986
0	1	13	13	0.032876712
0	1	14	14	0.035616438
0	1	15	15	0.038356164
0	1	16	16	0.04109589
0	1	17	17	0.043835616
0	1	18	18	0.046575342
0	1	19	19	0.049315068
0	1	20	20	0.052054795
0	1	21	21	0.054794521
0	1	22	22	0.057534247
0	1	23	23	0.060273973
0	1	24	24	0.063013699
0	1	25	25	0.065753425
0	1	26	26	0.068493151
0	1	27	27	0.071232877
0	1	28	28	0.073972603
0	1	29	29	0.076712329
0	1	30	30	0.079452055
0	1	31	31	0.082191781
0	2	1	32	0.084931507
0	2	2	33	0.087671233
0	2	3	34	0.090410959
0	2	4	35	0.093150685
0	2	5	36	0.095890411
0	2	6	37	0.098630137
0	2	7	38	0.101369863
0	2	8	39	0.104109589
0	2	9	40	0.106849315
0	2	10	41	0.109589041
0	2	11	42	0.112328767
0	2	12	43	0.115068493
0	2	13	44	0.117808219
0	2	14	45	0.120547945
0	2	15	46	0.123287671
0	2	16	47	0.126027397
0	2	17	48	0.128767123
0	2	18	49	0.131506849
0	2	19	50	0.134246575
0	2	20	51	0.136986301
0	2	21	52	0.139726027
0	2	22	53	0.142465753
0	2	23	54	0.145205479
0	2	24	55	0.147945205
0	2	25	56	0.150684932
0	2	26	57	0.153424658
0	2	27	58	0.156164384
0	2	28	59	0.15890411
0	3	1	60	0.161643836
0	3	2	61	0.164383562
0	3	3	62	0.167123288
0	3	4	63	0.169863014
0	3	5	64	0.17260274
0	3	6	65	0.175342466
0	3	7	66	0.178082192
0	3	8	67	0.180821918
0	3	9	68	0.183561644
0	3	10	69	0.18630137
0	3	11	70	0.189041096
0	3	12	71	0.191780822
0	3	13	72	0.194520548
0	3	14	73	0.197260274
0	3	15	74	0.2
0	3	16	75	0.202739726
0	3	17	76	0.205479452
0	3	18	77	0.208219178
0	3	19	78	0.210958904
0	3	20	79	0.21369863
0	3	21	80	0.216438356
0	3	22	81	0.219178082
0	3	23	82	0.221917808
0	3	24	83	0.224657534
0	3	25	84	0.22739726
0	3	26	85	0.230136986
0	3	27	86	0.232876712
0	3	28	87	0.235616438
0	3	29	88	0.238356164
0	3	30	89	0.24109589
0	3	31	90	0.243835616
0	4	1	91	0.246575342
0	4	2	92	0.249315068
0	4	3	93	0.252054795
0	4	4	94	0.254794521
0	4	5	95	0.257534247
0	4	6	96	0.260273973
0	4	7	97	0.263013699
0	4	8	98	0.265753425
0	4	9	99	0.268493151
0	4	10	100	0.271232877
0	4	11	101	0.273972603
0	4	12	102	0.276712329
0	4	13	103	0.279452055
0	4	14	104	0.282191781
0	4	15	105	0.284931507
0	4	16	106	0.287671233
0	4	17	107	0.290410959
0	4	18	108	0.293150685
0	4	19	109	0.295890411
0	4	20	110	0.298630137
0	4	21	111	0.301369863
0	4	22	112	0.304109589
0	4	23	113	0.306849315
0	4	24	114	0.309589041
0	4	25	115	0.312328767
0	4	26	116	0.315068493
0	4	27	117	0.317808219
0	4	28	118	0.320547945
0	4	29	119	0.323287671
0	4	30	120	0.326027397
0	5	1	121	0.328767123
0	5	2	122	0.331506849
0	5	3	123	0.334246575
0	5	4	124	0.336986301
0	5	5	125	0.339726027
0	5	6	126	0.342465753
0	5	7	127	0.345205479
0	5	8	128	0.347945205
0	5	9	129	0.350684932
0	5	10	130	0.353424658
0	5	11	131	0.356164384
0	5	12	132	0.35890411
0	5	13	133	0.361643836
0	5	14	134	0.364383562
0	5	15	135	0.367123288
0	5	16	136	0.369863014
0	5	17	137	0.37260274
0	5	18	138	0.375342466
0	5	19	139	0.378082192
0	5	20	140	0.380821918
0	5	21	141	0.383561644
0	5	22	142	0.38630137
0	5	23	143	0.389041096
0	5	24	144	0.391780822
0	5	25	145	0.394520548
0	5	26	146	0.397260274
0	5	27	147	0.4
0	5	28	148	0.402739726
0	5	29	149	0.405479452
0	5	30	150	0.408219178
0	5	31	151	0.410958904
0	6	1	152	0.41369863
0	6	2	153	0.416438356
0	6	3	154	0.419178082
0	6	4	155	0.421917808
0	6	5	156	0.424657534
0	6	6	157	0.42739726
0	6	7	158	0.430136986
0	6	8	159	0.432876712
0	6	9	160	0.435616438
0	6	10	161	0.438356164
0	6	11	162	0.44109589
0	6	12	163	0.443835616
0	6	13	164	0.446575342
0	6	14	165	0.449315068
0	6	15	166	0.452054795
0	6	16	167	0.454794521
0	6	17	168	0.457534247
0	6	18	169	0.460273973
0	6	19	170	0.463013699
0	6	20	171	0.465753425
0	6	21	172	0.468493151
0	6	22	173	0.471232877
0	6	23	174	0.473972603
0	6	24	175	0.476712329
0	6	25	176	0.479452055
0	6	26	177	0.482191781
0	6	27	178	0.484931507
0	6	28	179	0.487671233
0	6	29	180	0.490410959
0	6	30	181	0.493150685
0	7	1	182	0.495890411
0	7	2	183	0.498630137
0	7	3	184	0.501369863
0	7	4	185	0.504109589
0	7	5	186	0.506849315
0	7	6	187	0.509589041
0	7	7	188	0.512328767
0	7	8	189	0.515068493
0	7	9	190	0.517808219
0	7	10	191	0.520547945
0	7	11	192	0.523287671
0	7	12	193	0.526027397
0	7	13	194	0.528767123
0	7	14	195	0.531506849
0	7	15	196	0.534246575
0	7	16	197	0.536986301
0	7	17	198	0.539726027
0	7	18	199	0.542465753
0	7	19	200	0.545205479
0	7	20	201	0.547945205
0	7	21	202	0.550684932
0	7	22	203	0.553424658
0	7	23	204	0.556164384
0	7	24	205	0.55890411
0	7	25	206	0.561643836
0	7	26	207	0.564383562
0	7	27	208	0.567123288
0	7	28	209	0.569863014
0	7	29	210	0.57260274
0	7	30	211	0.575342466
0	7	31	212	0.578082192
0	8	1	213	0.580821918
0	8	2	214	0.583561644
0	8	3	215	0.58630137
0	8	4	216	0.589041096
0	8	5	217	0.591780822
0	8	6	218	0.594520548
0	8	7	219	0.597260274
0	8	8	220	0.6
0	8	9	221	0.602739726
0	8	10	222	0.605479452
0	8	11	223	0.608219178
0	8	12	224	0.610958904
0	8	13	225	0.61369863
0	8	14	226	0.616438356
0	8	15	227	0.619178082
0	8	16	228	0.621917808
0	8	17	229	0.624657534
0	8	18	230	0.62739726
0	8	19	231	0.630136986
0	8	20	232	0.632876712
0	8	21	233	0.635616438
0	8	22	234	0.638356164
0	8	23	235	0.64109589
0	8	24	236	0.643835616
0	8	25	237	0.646575342
0	8	26	238	0.649315068
0	8	27	239	0.652054795
0	8	28	240	0.654794521
0	8	29	241	0.657534247
0	8	30	242	0.660273973
0	8	31	243	0.663013699
0	9	1	244	0.665753425
0	9	2	245	0.668493151
0	9	3	246	0.671232877
0	9	4	247	0.673972603
0	9	5	248	0.676712329
0	9	6	249	0.679452055
0	9	7	250	0.682191781
0	9	8	251	0.684931507
0	9	9	252	0.687671233
0	9	10	253	0.690410959
0	9	11	254	0.693150685
0	9	12	255	0.695890411
0	9	13	256	0.698630137
0	9	14	257	0.701369863
0	9	15	258	0.704109589
0	9	16	259	0.706849315
0	9	17	260	0.709589041
0	9	18	261	0.712328767
0	9	19	262	0.715068493
0	9	20	263	0.717808219
0	9	21	264	0.720547945
0	9	22	265	0.723287671
0	9	23	266	0.726027397
0	9	24	267	0.728767123
0	9	25	268	0.731506849
0	9	26	269	0.734246575
0	9	27	270	0.736986301
0	9	28	271	0.739726027
0	9	29	272	0.742465753
0	9	30	273	0.745205479
0	10	1	274	0.747945205
0	10	2	275	0.750684932
0	10	3	276	0.753424658
0	10	4	277	0.756164384
0	10	5	278	0.75890411
0	10	6	279	0.761643836
0	10	7	280	0.764383562
0	10	8	281	0.767123288
0	10	9	282	0.769863014
0	10	10	283	0.77260274
0	10	11	284	0.775342466
0	10	12	285	0.778082192
0	10	13	286	0.780821918
0	10	14	287	0.783561644
0	10	15	288	0.78630137
0	10	16	289	0.789041096
0	10	17	290	0.791780822
0	10	18	291	0.794520548
0	10	19	292	0.797260274
0	10	20	293	0.8
0	10	21	294	0.802739726
0	10	22	295	0.805479452
0	10	23	296	0.808219178
0	10	24	297	0.810958904
0	10	25	298	0.81369863
0	10	26	299	0.816438356
0	10	27	300	0.819178082
0	10	28	301	0.821917808
0	10	29	302	0.824657534
0	10	30	303	0.82739726
0	10	31	304	0.830136986
0	11	1	305	0.832876712
0	11	2	306	0.835616438
0	11	3	307	0.838356164
0	11	4	308	0.84109589
0	11	5	309	0.843835616
0	11	6	310	0.846575342
0	11	7	311	0.849315068
0	11	8	312	0.852054795
0	11	9	313	0.854794521
0	11	10	314	0.857534247
0	11	11	315	0.860273973
0	11	12	316	0.863013699
0	11	13	317	0.865753425
0	11	14	318	0.868493151
0	11	15	319	0.871232877
0	11	16	320	0.873972603
0	11	17	321	0.876712329
0	11	18	322	0.879452055
0	11	19	323	0.882191781
0	11	20	324	0.884931507
0	11	21	325	0.887671233
0	11	22	326	0.890410959
0	11	23	327	0.893150685
0	11	24	328	0.895890411
0	11	25	329	0.898630137
0	11	26	330	0.901369863
0	11	27	331	0.904109589
0	11	28	332	0.906849315
0	11	29	333	0.909589041
0	11	30	334	0.912328767
0	12	1	335	0.915068493
0	12	2	336	0.917808219
0	12	3	337	0.920547945
0	12	4	338	0.923287671
0	12	5	339	0.926027397
0	12	6	340	0.928767123
0	12	7	341	0.931506849
0	12	8	342	0.934246575
0	12	9	343	0.936986301
0	12	10	344	0.939726027
0	12	11	345	0.942465753
0	12	12	346	0.945205479
0	12	13	347	0.947945205
0	12	14	348	0.950684932
0	12	15	349	0.953424658
0	12	16	350	0.956164384
0	12	17	351	0.95890411
0	12	18	352	0.961643836
0	12	19	353	0.964383562
0	12	20	354	0.967123288
0	12	21	355	0.969863014
0	12	22	356	0.97260274
0	12	23	357	0.975342466
0	12	24	358	0.978082192
0	12	25	359	0.980821918
0	12	26	360	0.983561644
0	12	27	361	0.98630137
0	12	28	362	0.989041096
0	12	29	363	0.991780822
0	12	30	364	0.994520548
0	12	31	365	0.997260274
1	1	1	1	0
1	1	2	2	0.00273224
1	1	3	3	0.005464481
1	1	4	4	0.008196721
1	1	5	5	0.010928962
1	1	6	6	0.013661202
1	1	7	7	0.016393443
1	1	8	8	0.019125683
1	1	9	9	0.021857923
1	1	10	10	0.024590164
1	1	11	11	0.027322404
1	1	12	12	0.030054645
1	1	13	13	0.032786885
1	1	14	14	0.035519126
1	1	15	15	0.038251366
1	1	16	16	0.040983607
1	1	17	17	0.043715847
1	1	18	18	0.046448087
1	1	19	19	0.049180328
1	1	20	20	0.051912568
1	1	21	21	0.054644809
1	1	22	22	0.057377049
1	1	23	23	0.06010929
1	1	24	24	0.06284153
1	1	25	25	0.06557377
1	1	26	26	0.068306011
1	1	27	27	0.071038251
1	1	28	28	0.073770492
1	1	29	29	0.076502732
1	1	30	30	0.079234973
1	1	31	31	0.081967213
1	2	1	32	0.084699454
1	2	2	33	0.087431694
1	2	3	34	0.090163934
1	2	4	35	0.092896175
1	2	5	36	0.095628415
1	2	6	37	0.098360656
1	2	7	38	0.101092896
1	2	8	39	0.103825137
1	2	9	40	0.106557377
1	2	10	41	0.109289617
1	2	11	42	0.112021858
1	2	12	43	0.114754098
1	2	13	44	0.117486339
1	2	14	45	0.120218579
1	2	15	46	0.12295082
1	2	16	47	0.12568306
1	2	17	48	0.128415301
1	2	18	49	0.131147541
1	2	19	50	0.133879781
1	2	20	51	0.136612022
1	2	21	52	0.139344262
1	2	22	53	0.142076503
1	2	23	54	0.144808743
1	2	24	55	0.147540984
1	2	25	56	0.150273224
1	2	26	57	0.153005464
1	2	27	58	0.155737705
1	2	28	59	0.158469945
1	2	29	60	0.161202186
1	3	1	61	0.163934426
1	3	2	62	0.166666667
1	3	3	63	0.169398907
1	3	4	64	0.172131148
1	3	5	65	0.174863388
1	3	6	66	0.177595628
1	3	7	67	0.180327869
1	3	8	68	0.183060109
1	3	9	69	0.18579235
1	3	10	70	0.18852459
1	3	11	71	0.191256831
1	3	12	72	0.193989071
1	3	13	73	0.196721311
1	3	14	74	0.199453552
1	3	15	75	0.202185792
1	3	16	76	0.204918033
1	3	17	77	0.207650273
1	3	18	78	0.210382514
1	3	19	79	0.213114754
1	3	20	80	0.215846995
1	3	21	81	0.218579235
1	3	22	82	0.221311475
1	3	23	83	0.224043716
1	3	24	84	0.226775956
1	3	25	85	0.229508197
1	3	26	86	0.232240437
1	3	27	87	0.234972678
1	3	28	88	0.237704918
1	3	29	89	0.240437158
1	3	30	90	0.243169399
1	3	31	91	0.245901639
1	4	1	92	0.24863388
1	4	2	93	0.25136612
1	4	3	94	0.254098361
1	4	4	95	0.256830601
1	4	5	96	0.259562842
1	4	6	97	0.262295082
1	4	7	98	0.265027322
1	4	8	99	0.267759563
1	4	9	100	0.270491803
1	4	10	101	0.273224044
1	4	11	102	0.275956284
1	4	12	103	0.278688525
1	4	13	104	0.281420765
1	4	14	105	0.284153005
1	4	15	106	0.286885246
1	4	16	107	0.289617486
1	4	17	108	0.292349727
1	4	18	109	0.295081967
1	4	19	110	0.297814208
1	4	20	111	0.300546448
1	4	21	112	0.303278689
1	4	22	113	0.306010929
1	4	23	114	0.308743169
1	4	24	115	0.31147541
1	4	25	116	0.31420765
1	4	26	117	0.316939891
1	4	27	118	0.319672131
1	4	28	119	0.322404372
1	4	29	120	0.325136612
1	4	30	121	0.327868852
1	5	1	122	0.330601093
1	5	2	123	0.333333333
1	5	3	124	0.336065574
1	5	4	125	0.338797814
1	5	5	126	0.341530055
1	5	6	127	0.344262295
1	5	7	128	0.346994536
1	5	8	129	0.349726776
1	5	9	130	0.352459016
1	5	10	131	0.355191257
1	5	11	132	0.357923497
1	5	12	133	0.360655738
1	5	13	134	0.363387978
1	5	14	135	0.366120219
1	5	15	136	0.368852459
1	5	16	137	0.371584699
1	5	17	138	0.37431694
1	5	18	139	0.37704918
1	5	19	140	0.379781421
1	5	20	141	0.382513661
1	5	21	142	0.385245902
1	5	22	143	0.387978142
1	5	23	144	0.390710383
1	5	24	145	0.393442623
1	5	25	146	0.396174863
1	5	26	147	0.398907104
1	5	27	148	0.401639344
1	5	28	149	0.404371585
1	5	29	150	0.407103825
1	5	30	151	0.409836066
1	5	31	152	0.412568306
1	6	1	153	0.415300546
1	6	2	154	0.418032787
1	6	3	155	0.420765027
1	6	4	156	0.423497268
1	6	5	157	0.426229508
1	6	6	158	0.428961749
1	6	7	159	0.431693989
1	6	8	160	0.43442623
1	6	9	161	0.43715847
1	6	10	162	0.43989071
1	6	11	163	0.442622951
1	6	12	164	0.445355191
1	6	13	165	0.448087432
1	6	14	166	0.450819672
1	6	15	167	0.453551913
1	6	16	168	0.456284153
1	6	17	169	0.459016393
1	6	18	170	0.461748634
1	6	19	171	0.464480874
1	6	20	172	0.467213115
1	6	21	173	0.469945355
1	6	22	174	0.472677596
1	6	23	175	0.475409836
1	6	24	176	0.478142077
1	6	25	177	0.480874317
1	6	26	178	0.483606557
1	6	27	179	0.486338798
1	6	28	180	0.489071038
1	6	29	181	0.491803279
1	6	30	182	0.494535519
1	7	1	183	0.49726776
1	7	2	184	0.5
1	7	3	185	0.50273224
1	7	4	186	0.505464481
1	7	5	187	0.508196721
1	7	6	188	0.510928962
1	7	7	189	0.513661202
1	7	8	190	0.516393443
1	7	9	191	0.519125683
1	7	10	192	0.521857923
1	7	11	193	0.524590164
1	7	12	194	0.527322404
1	7	13	195	0.530054645
1	7	14	196	0.532786885
1	7	15	197	0.535519126
1	7	16	198	0.538251366
1	7	17	199	0.540983607
1	7	18	200	0.543715847
1	7	19	201	0.546448087
1	7	20	202	0.549180328
1	7	21	203	0.551912568
1	7	22	204	0.554644809
1	7	23	205	0.557377049
1	7	24	206	0.56010929
1	7	25	207	0.56284153
1	7	26	208	0.56557377
1	7	27	209	0.568306011
1	7	28	210	0.571038251
1	7	29	211	0.573770492
1	7	30	212	0.576502732
1	7	31	213	0.579234973
1	8	1	214	0.581967213
1	8	2	215	0.584699454
1	8	3	216	0.587431694
1	8	4	217	0.590163934
1	8	5	218	0.592896175
1	8	6	219	0.595628415
1	8	7	220	0.598360656
1	8	8	221	0.601092896
1	8	9	222	0.603825137
1	8	10	223	0.606557377
1	8	11	224	0.609289617
1	8	12	225	0.612021858
1	8	13	226	0.614754098
1	8	14	227	0.617486339
1	8	15	228	0.620218579
1	8	16	229	0.62295082
1	8	17	230	0.62568306
1	8	18	231	0.628415301
1	8	19	232	0.631147541
1	8	20	233	0.633879781
1	8	21	234	0.636612022
1	8	22	235	0.639344262
1	8	23	236	0.642076503
1	8	24	237	0.644808743
1	8	25	238	0.647540984
1	8	26	239	0.650273224
1	8	27	240	0.653005464
1	8	28	241	0.655737705
1	8	29	242	0.658469945
1	8	30	243	0.661202186
1	8	31	244	0.663934426
1	9	1	245	0.666666667
1	9	2	246	0.669398907
1	9	3	247	0.672131148
1	9	4	248	0.674863388
1	9	5	249	0.677595628
1	9	6	250	0.680327869
1	9	7	251	0.683060109
1	9	8	252	0.68579235
1	9	9	253	0.68852459
1	9	10	254	0.691256831
1	9	11	255	0.693989071
1	9	12	256	0.696721311
1	9	13	257	0.699453552
1	9	14	258	0.702185792
1	9	15	259	0.704918033
1	9	16	260	0.707650273
1	9	17	261	0.710382514
1	9	18	262	0.713114754
1	9	19	263	0.715846995
1	9	20	264	0.718579235
1	9	21	265	0.721311475
1	9	22	266	0.724043716
1	9	23	267	0.726775956
1	9	24	268	0.729508197
1	9	25	269	0.732240437
1	9	26	270	0.734972678
1	9	27	271	0.737704918
1	9	28	272	0.740437158
1	9	29	273	0.743169399
1	9	30	274	0.745901639
1	10	1	275	0.74863388
1	10	2	276	0.75136612
1	10	3	277	0.754098361
1	10	4	278	0.756830601
1	10	5	279	0.759562842
1	10	6	280	0.762295082
1	10	7	281	0.765027322
1	10	8	282	0.767759563
1	10	9	283	0.770491803
1	10	10	284	0.773224044
1	10	11	285	0.775956284
1	10	12	286	0.778688525
1	10	13	287	0.781420765
1	10	14	288	0.784153005
1	10	15	289	0.786885246
1	10	16	290	0.789617486
1	10	17	291	0.792349727
1	10	18	292	0.795081967
1	10	19	293	0.797814208
1	10	20	294	0.800546448
1	10	21	295	0.803278689
1	10	22	296	0.806010929
1	10	23	297	0.808743169
1	10	24	298	0.81147541
1	10	25	299	0.81420765
1	10	26	300	0.816939891
1	10	27	301	0.819672131
1	10	28	302	0.822404372
1	10	29	303	0.825136612
1	10	30	304	0.827868852
1	10	31	305	0.830601093
1	11	1	306	0.833333333
1	11	2	307	0.836065574
1	11	3	308	0.838797814
1	11	4	309	0.841530055
1	11	5	310	0.844262295
1	11	6	311	0.846994536
1	11	7	312	0.849726776
1	11	8	313	0.852459016
1	11	9	314	0.855191257
1	11	10	315	0.857923497
1	11	11	316	0.860655738
1	11	12	317	0.863387978
1	11	13	318	0.866120219
1	11	14	319	0.868852459
1	11	15	320	0.871584699
1	11	16	321	0.87431694
1	11	17	322	0.87704918
1	11	18	323	0.879781421
1	11	19	324	0.882513661
1	11	20	325	0.885245902
1	11	21	326	0.887978142
1	11	22	327	0.890710383
1	11	23	328	0.893442623
1	11	24	329	0.896174863
1	11	25	330	0.898907104
1	11	26	331	0.901639344
1	11	27	332	0.904371585
1	11	28	333	0.907103825
1	11	29	334	0.909836066
1	11	30	335	0.912568306
1	12	1	336	0.915300546
1	12	2	337	0.918032787
1	12	3	338	0.920765027
1	12	4	339	0.923497268
1	12	5	340	0.926229508
1	12	6	341	0.928961749
1	12	7	342	0.931693989
1	12	8	343	0.93442623
1	12	9	344	0.93715847
1	12	10	345	0.93989071
1	12	11	346	0.942622951
1	12	12	347	0.945355191
1	12	13	348	0.948087432
1	12	14	349	0.950819672
1	12	15	350	0.953551913
1	12	16	351	0.956284153
1	12	17	352	0.959016393
1	12	18	353	0.961748634
1	12	19	354	0.964480874
1	12	20	355	0.967213115
1	12	21	356	0.969945355
1	12	22	357	0.972677596
1	12	23	358	0.975409836
1	12	24	359	0.978142077
1	12	25	360	0.980874317
1	12	26	361	0.983606557
1	12	27	362	0.986338798
1	12	28	363	0.989071038
1	12	29	364	0.991803279
1	12	30	365	0.994535519
1	12	31	366	0.99726776
